Webots Project File version 8.3.2
perspectives: 000000ff00000000fd0000000300000000000001ca0000039ffc0200000001fb00000012005300630065006e0065005400720065006501000000000000039f000000000000000000000001000002080000020afc0200000001fb0000001400540065007800740045006400690074006f007201000000170000020a0000009d00ffffff000000030000077c000001d4fc0100000001fb0000000e0043006f006e0073006f006c006501000000000000077c0000005400ffffff0000056e0000020a00000004000000040000000100000008fc00000000
simulationViewPerspectives: 000000ff000000010000000200000181000002c90100000006010000000101
sceneTreePerspectives: 000000ff0000000100000002000000c0000000bd0100000006010000000201
minimizedPerspectives: 
maximizedDockId: -1
centralWidgetVisible: 1
orthographicViewHeight: 1
textFiles: 1 "controllers/rnn_controller/rnn_controller.c" "controllers/advanced_genetic_algorithm_supervisor/advanced_genetic_algorithm_supervisor.c" "controllers/advanced_genetic_algorithm_supervisor/genotype.c" "controllers/advanced_genetic_algorithm_supervisor/population.c" "controllers/advanced_genetic_algorithm_supervisor/rnn.c"
renderingDevicePerspectives: 236;1;1;0.027027;0.0439914
renderingDevicePerspectives: 473;1;0.890625;0.0295295;0.0633047
